0.591450046206532
0.662523941863571
0.482770611989651
0.784196184203399
0.282522277106338
0.647464473052446
0.305047110033448
0.292779544398220
0.489600552640186
0.497514516912261
0.499754554978394
0.826163743067733
0.162313593846142
0.452732703190989
0.679082366068258
0.529551830265255
0.672434449272598
0.848435869440699
0.239381573498838
0.519363875165456
0.0984855098757570
0.250368894907729
0.774666840849666
0.580021871381838
0.682754501970252
0.964006325086385
0.432258795632313
0.517068804044989
0.863510062111633
0.908324011242464
0.738170293104672
0.866538453029475
0.818771850032140
0.838498549081274
0.0362017386407630
0.350598252172135
0.619883844248706
0.715318324601426
0.673017796296823
0.651627664348734
0.505453784615257
0.612107700435210
0.240174830416431
0.173654841694507
0.530078954891447
0.837074523344541
0.478473785829511
0.833064726381777
0.369448429070808
0.686376045932332
0.560928889708332
0.819290713651848
0.416449954740804
0.667588007967670
0.149527360137351
0.435486201211814
0.0328659270035490
0.167095821472421
0.633511207418824
0.580868326854440
0.498674311251136
0.906457435123070
0.389031972482008
0.406285009058487
0.595752358048127
0.511358192271380
0.518993287064144
0.924073630989853
0.330146860323064
0.439550081679502
0.282999409333829
0.201693696265621
0.775300901852862
0.647753354344015
0.551428333644776
0.777188452399451
0.367546271185079
0.624584748177781
0.754365815714084
0.785579080784981
0.779661295420170
0.669638401087394
0.133265501709099
0.657534869077368
0.0900797284007510
0.219564569389693
0.583889735265927
0.716360444074853
0.594113188456475
0.728014429567815
0.107997663227676
0.678428567551548
0.710816964350032
0.943633121341149
0.705653821098252
0.619209641653573
0.264531428485334
0.753319937363287
0.0366705180944720
0.139627577670070
0.745884386453196
0.526282428013834
0.660350709447516
0.863305906634233
0.296718407352800
0.270473543460280
0.719367700726814
0.715783896474824
0.590785267234655
0.993188588327144
0.499050685111133
0.392189069256821
0.0473568903661840
0.167898003898840
0.628484045879569
0.712783798798584
0.723456269376853
0.837042232299577
0.255287851409832
0.303467677517448
0.690995710536917
0.786814526447799
0.734118125343431
0.822787013990674
0.280087692964191
0.227792912603308
0.0210491515857300
0.149706508121121
0.693170061835007
0.603005180641202
0.581354154027684
0.907311845453262
0.206689847152443
0.303516481939392
0.714746037750429
0.628444329467981
0.555000504270454
0.960979566371600
0.119566755981298
0.275728490210608